Columnas usadas: ['COD_REG_RBD', 'COD_COM_RBD', 'COD_DEPE2', 'RURAL_RBD', 'COD_ENSE2', 'GEN_ALU', 'EDAD_ALU', 'COD_REG_ALU', 'COD_COM_ALU', 'ASISTENCIA', 'CURSO']
MAE: 0.3923224997200581
MSE: 0.25952617228742964
R2: 0.2875700972965206
