Columnas usadas: ['COD_REG_RBD', 'COD_COM_RBD', 'COD_DEPE2', 'COD_ENSE2', 'COD_JOR', 'GEN_ALU', 'EDAD_ALU', 'COD_REG_ALU', 'COD_COM_ALU', 'ASISTENCIA', 'CURSO']
MAE: 0.38879677442543864
MSE: 0.2589045200263516
R2: 0.2924461334909927
